999
998
997
994
991
990
988
987
985
983
982
980
979
975
973
971
969
964
962
961
960
958
955
949
946
945
942
941
937
936
935
934
933
932
930
927
926
925
922
921
917
916
915
914
913
912
909
908
907
906
905
903
900
899
898
894
893
891
890
888
887
884
883
882
879
878
877
875
874
872
871
870
869
867
865
863
860
859
858
857
854
853
851
850
849
848
847
846
843
841
840
839
838
837
836
835
833
831
829
827
825
824
823
822
821
820
819
816
815
813
810
809
808
807
806
805
804
803
800
799
798
797
796
795
794
793
792
790
788
787
785
784
783
782
780
779
778
776
775
774
771
767
765
764
762
761
760
758
757
756
754
753
752
750
749
748
747
746
744
742
739
738
737
735
734
733
731
729
728
725
724
721
720
719
718
717
716
715
712
711
710
709
705
703
702
700
699
698
697
695
692
691
690
688
687
686
684
683
681
680
678
677
676
675
674
672
670
669
668
667
666
665
663
662
661
660
658
657
656
655
654
652
650
649
648
646
645
644
641
638
637
636
635
634
633
630
629
627
626
625
620
618
617
616
615
614
613
611
608
604
603
601
599
597
596
595
594
593
592
589
588
587
585
584
583
580
578
577
574
573
572
570
569
568
567
566
560
558
557
556
555
554
551
550
547
546
544
543
542
541
540
539
536
531
530
529
528
525
524
523
521
520
519
516
515
514
513
510
507
505
504
503
501
500
498
495
494
493
492
491
488
487
486
485
484
483
480
479
477
475
474
471
470
469
467
465
462
461
460
459
458
455
454
453
452
451
449
448
447
446
445
443
442
439
438
437
436
433
432
430
428
427
426
424
423
422
420
417
415
414
411
410
409
406
405
400
399
397
396
394
392
391
390
389
385
379
376
374
371
370
369
368
364
363
362
359
356
355
353
351
349
348
347
346
344
343
342
341
339
338
337
336
333
332
331
330
328
325
324
322
321
319
318
317
316
315
311
309
308
307
306
302
301
300
299
297
296
292
289
288
287
286
285
283
281
280
278
277
276
275
274
271
268
265
263
262
261
260
258
256
255
254
252
251
248
247
246
244
242
241
239
238
236
234
232
230
228
227
226
225
224
223
221
220
219
217
216
215
213
211
210
206
205
202
201
198
196
194
193
191
190
189
188
186
185
184
181
180
148
179
178
177
175
143
153
173
170
172
168
166
165
139
162
159
157
156
155
152
151
150
147
146
145
144
142
141
140
136
133
131
117
93
87
66
73
115
75
113
132
130
127
95
8
126
125
120
118
116
109
71
108
104
97
96
91
67
89
86
31
90
83
82
81
80
79
77
72
69
68
65
63
60
59
51
56
50
24
6
39
18
49
54
58
57
46
25
27
29
55
20
9
10
43
33
45
40
37
32
30
26
21
15
11
7
5
312
609
366
340
606
948
954
313
902
591
910
377
911
842
605
361
373
740
904
602
13
4
365
2
358
1
0
375
610
612
372
367
360
576
357
290
334
326
352
743
304
901
600
305
563
329
830
952
736
976
327
706
259
250
284
310
986
722
291
562
828
323
237
282
527
266
896
548
269
298
320
726
640
552
183
974
947
549
818
293
571
730
897
273
412
781
94
19
978
992
401
632
472
862
772
856
482
965
679
42
36
187
101
623
464
16
499
929
100
53
384
463
435
938
199
425
403
693
889
48
407
517
105
812
866
122
35
52
235
685
631
444
534
382
233
99
968
508
23
450
876
789
478
777
919
639
522
398
212
393
791
622
984
154
272
98
41
786
61
431
111
209
402
231
229
195
107
74
770
885
664
526
12
47
257
881
294
466
434
128
489
129
659
174
182
755
169
103
457
920
386
440
167
811
996
532
149
619
766
387
763
861
545
621
14
62
84
204
643
102
473
124
970
418
966
490
769
429
76
135
264
506
121
864
972
203
993
923
704
892
855
886
647
112
17
895
707
119
940
868
192
253
214
207
768
967
123
817
696
441
708
989
880
197
416
533
512
773
22
413
873
240
963
918
380
939
245
381
714
671
468
92
538
535
628
404
335
924
844
208
176
218
509
3
814
701
267
163
511
561
956
943
802
607
977
741
497
852
673
834
419
200
575
314
537
564
801
395
476
590
456
161
586
78
759
137
481
745
682
378
579
502
388
28
928
114
106
951
518
85
110
944
598
553
164
959
222
64
582
995
279
44
496
723
134
171
350
950
295
931
953
751
732
354
70
160
581
694
559
624
303
689
826
345
270
832
653
158
565
845
651
38
421
383
243
408
88
981
34
957
727
249
713
138
642
