46
31
32
27
739
738
737
735
734
733
731
729
728
725
724
721
720
719
655
654
652
650
649
648
646
645
644
641
615
614
613
611
608
604
603
601
599
597
513
510
507
505
504
503
501
500
498
495
494
493
492
491
488
487
486
485
484
483
480
479
477
475
474
471
470
469
467
465
462
461
460
459
458
455
454
453
452
451
449
448
447
446
445
420
428
430
432
433
436
437
438
439
442
422
443
423
424
426
427
417
415
414
411
410
409
406
405
400
399
397
396
394
368
369
370
371
374
376
379
385
389
390
391
392
364
363
362
359
356
355
353
351
349
348
347
346
344
343
342
341
339
338
337
336
333
332
331
330
328
325
324
322
321
319
318
317
316
315
311
309
308
307
306
302
301
300
299
296
297
292
289
288
287
286
285
283
281
280
278
277
276
275
274
271
268
265
263
262
261
260
258
256
255
254
252
251
244
242
241
239
238
236
234
232
230
228
246
247
248
227
226
225
224
223
221
220
219
217
216
215
213
188
186
185
184
181
180
179
178
210
211
189
190
191
193
194
196
198
201
202
205
206
177
175
173
172
170
168
166
165
162
159
157
156
155
153
983
982
980
979
975
987
994
991
990
988
997
998
999
152
151
150
148
147
146
145
144
143
142
125
126
127
130
131
132
133
136
139
140
141
96
97
104
108
109
113
115
116
117
118
120
95
93
91
90
89
87
86
83
82
81
59
60
63
65
66
67
68
69
71
72
73
75
9
8
851
853
854
857
858
859
860
863
865
867
869
870
871
872
874
875
877
878
879
882
883
884
887
888
890
891
24
49
33
37
39
40
43
45
21
20
18
15
13
11
10
894
898
899
900
903
905
906
907
908
909
912
913
914
915
916
917
921
922
925
926
927
930
932
933
934
935
936
937
941
942
945
946
949
955
958
960
961
962
964
969
971
973
985
782
780
779
778
776
775
774
771
767
765
764
762
761
760
758
757
783
784
785
787
788
790
792
793
794
795
796
815
813
810
809
808
807
806
805
804
803
800
799
798
797
816
819
820
821
822
823
824
825
827
829
831
833
835
836
837
838
839
840
841
843
846
847
848
849
850
893
26
25
50
30
29
77
79
80
58
57
56
55
54
51
6
616
617
618
620
625
626
627
629
630
633
634
635
636
637
638
516
519
520
521
523
524
551
550
547
546
544
543
542
541
540
539
536
531
530
529
528
525
554
555
556
557
558
560
566
567
568
569
570
572
573
574
577
578
580
583
584
585
587
588
589
592
593
594
595
596
752
753
754
756
742
744
746
747
748
749
750
656
657
658
660
661
662
663
665
666
667
668
669
670
672
674
675
676
677
678
680
681
683
684
686
687
688
690
691
692
695
697
698
699
700
702
703
705
709
710
711
712
715
716
717
718
514
515
7
5
4
375
377
0
612
2
1
373
372
610
609
367
366
365
606
605
361
360
954
358
357
602
352
600
911
842
910
743
340
591
740
952
334
304
726
830
901
298
948
576
320
904
323
326
327
976
329
736
305
902
571
310
730
312
313
563
294
293
562
291
290
722
828
284
947
282
986
552
974
897
818
257
259
895
545
264
714
266
267
896
269
548
272
273
250
707
253
538
708
549
534
229
231
233
526
235
527
237
382
384
755
386
387
978
12
14
619
16
17
393
19
22
23
621
622
398
623
401
402
403
404
35
36
918
41
407
919
42
855
47
48
763
412
413
52
53
856
631
416
632
766
62
61
920
418
992
768
425
769
770
639
429
74
640
76
431
993
434
435
643
84
772
773
923
440
441
92
647
94
861
444
862
98
99
100
101
102
103
777
105
107
924
111
112
450
864
781
119
866
121
122
123
124
963
457
128
129
659
868
989
786
135
463
464
664
466
929
468
789
965
791
472
149
473
873
154
671
478
966
482
876
167
967
169
968
996
880
174
679
489
490
881
182
183
970
187
685
499
984
192
203
506
886
199
197
885
195
938
204
939
508
207
209
940
817
240
245
533
814
522
972
812
811
517
696
889
218
693
512
214
212
706
532
704
892
381
380
106
535
745
497
582
496
581
802
345
243
682
801
561
723
559
176
956
579
88
845
834
85
171
732
826
953
995
78
279
701
164
163
70
160
161
481
673
158
553
575
741
64
421
314
476
931
419
751
354
518
222
590
844
977
928
137
408
44
511
628
335
378
509
951
134
38
270
832
694
34
303
208
713
586
624
28
944
456
537
564
200
943
607
3
852
395
598
759
502
388
114
110
959
950
350
295
689
653
651
565
383
981
957
249
727
138
642
