999
997
996
995
993
992
991
990
986
985
984
982
981
980
978
977
976
973
972
971
970
969
968
967
966
965
416
417
418
420
421
422
423
425
428
429
431
432
434
435
436
439
440
441
442
443
446
447
449
450
451
452
453
457
458
459
460
462
463
465
466
467
468
469
470
385
384
383
382
381
956
954
953
952
951
374
12
13
943
942
941
940
939
784
783
782
781
776
775
773
772
771
770
769
768
767
763
761
760
758
757
756
755
754
753
752
748
747
744
740
739
738
737
736
735
732
728
727
726
725
724
723
722
721
720
718
717
716
714
712
711
710
708
707
706
705
704
702
701
700
699
698
695
694
693
691
690
689
688
687
686
685
684
683
681
679
677
675
674
670
668
666
665
664
663
661
660
658
657
656
20
23
25
26
29
30
33
34
37
648
50
51
52
54
55
56
57
58
59
60
62
63
65
67
69
70
76
77
79
81
82
83
84
85
94
95
97
98
100
102
104
105
106
108
109
110
111
113
114
115
116
117
120
121
4
5
264
263
262
261
260
259
258
256
255
254
253
251
250
249
248
247
246
245
244
241
240
239
238
236
234
233
232
230
229
227
226
225
222
220
218
217
216
215
214
213
212
210
209
208
207
206
203
200
198
196
195
192
191
190
189
186
182
181
180
179
177
176
175
171
170
169
167
166
165
162
161
160
159
157
156
154
153
151
365
810
812
813
815
816
818
819
820
821
822
824
825
828
829
830
831
833
834
836
837
838
839
840
841
842
843
844
847
848
849
851
852
856
857
858
859
860
865
866
867
870
871
873
874
875
876
877
878
879
882
883
885
887
888
889
891
892
893
894
897
899
900
903
904
905
906
907
908
909
910
911
912
915
916
918
919
921
924
925
926
620
619
618
617
616
615
16
340
344
345
347
349
350
351
353
356
598
597
595
594
593
592
405
404
402
401
400
399
398
397
278
279
280
281
283
286
287
288
289
290
293
295
297
298
300
302
303
304
306
308
309
310
311
312
314
316
317
325
328
329
333
334
580
579
576
575
574
573
571
570
568
368
643
641
636
178
538
492
494
495
496
497
499
500
501
502
503
505
506
507
508
509
510
512
513
514
515
516
517
518
519
520
521
522
523
524
525
526
527
528
531
532
533
534
539
540
541
542
545
546
547
548
550
551
552
553
554
555
556
558
559
562
563
564
565
567
369
473
474
476
477
479
480
481
482
483
485
486
487
488
489
490
45
44
42
41
40
38
588
934
139
137
136
133
130
128
804
803
802
797
794
793
792
790
789
394
944
787
391
390
389
387
624
628
629
630
376
608
607
633
378
379
360
584
46
48
49
937
413
412
611
610
375
949
586
587
145
938
415
964
963
961
960
958
357
599
603
605
709
406
589
122
3
2
933
15
371
127
143
370
125
124
123
411
408
935
936
785
185
606
14
11
7
929
622
809
337
275
266
947
928
270
330
786
18
271
948
745
367
338
10
346
274
339
649
395
930
623
807
634
140
945
456
646
149
267
475
0
6
242
131
806
645
827
129
713
591
647
269
644
96
336
396
277
366
946
141
750
808
364
335
581
805
363
66
491
671
669
780
147
959
144
989
626
478
931
19
652
355
659
795
173
424
90
103
307
88
75
284
168
273
733
221
28
975
388
461
372
853
762
68
427
957
138
798
987
362
823
920
282
796
974
265
464
135
601
583
898
407
197
433
814
438
788
764
983
642
800
696
354
614
211
662
321
1
305
862
455
872
582
237
901
205
36
886
43
155
118
673
590
199
315
31
419
655
92
864
697
863
327
187
91
962
107
880
71
855
164
635
651
846
27
112
536
845
152
577
734
631
749
861
854
299
927
543
61
549
9
313
201
746
403
235
224
163
132
193
676
80
204
917
322
639
219
342
86
359
678
719
557
672
318
332
913
609
78
454
777
817
361
99
32
331
766
625
319
148
243
578
950
348
703
544
791
585
72
612
498
667
801
765
172
35
320
53
730
73
296
409
680
743
142
832
955
291
511
426
294
569
324
228
183
504
119
101
572
301
352
778
653
17
731
529
285
386
343
881
715
39
759
268
884
632
922
323
47
613
484
692
869
923
650
414
448
896
600
472
252
22
410
627
535
493
444
654
914
24
231
932
902
890
87
392
779
202
430
998
377
602
566
257
826
358
471
93
134
774
596
194
437
184
89
126
393
380
537
729
742
64
74
638
223
560
146
994
188
292
341
979
835
621
150
811
8
326
640
561
637
799
530
272
158
868
741
895
445
276
751
21
174
373
604
682
850
988
