999
998
997
994
991
990
988
987
985
983
982
980
979
975
973
971
969
964
962
961
960
958
955
949
946
945
942
941
937
936
935
934
933
932
930
927
926
925
922
921
917
916
915
914
913
912
909
908
907
906
905
903
900
899
898
894
893
891
890
888
887
884
883
882
879
878
877
875
874
872
871
870
869
867
865
863
860
859
858
857
854
853
851
850
849
848
847
846
843
841
840
839
838
837
836
835
833
831
829
827
825
824
823
822
821
820
819
816
815
813
810
809
808
807
806
805
804
803
800
799
798
797
796
795
794
793
792
790
788
787
785
784
783
782
780
779
778
776
775
774
771
767
765
764
762
761
760
758
757
756
754
753
752
750
749
748
747
746
744
742
739
738
737
735
734
733
731
729
728
725
724
721
720
719
718
717
716
715
712
711
710
709
705
703
702
700
699
698
697
695
692
691
690
688
687
686
684
683
681
680
678
677
676
675
674
672
670
669
668
667
666
665
663
662
661
660
658
657
656
655
654
652
650
649
648
646
645
644
641
638
637
636
635
634
633
630
629
627
626
625
620
618
617
616
615
614
613
611
608
604
603
601
599
597
596
595
594
593
592
589
588
587
585
584
583
580
578
577
574
573
572
570
569
568
567
566
560
558
557
556
555
554
551
550
547
546
544
543
542
541
540
539
536
531
530
529
528
525
524
523
521
520
519
516
515
514
513
510
507
505
504
503
501
500
498
495
494
493
492
491
488
487
486
485
484
483
480
479
477
475
474
471
470
469
467
465
462
461
460
459
458
455
454
453
452
451
449
448
447
446
445
443
442
439
438
437
436
433
432
430
428
427
426
424
423
422
420
417
415
414
411
410
409
406
405
400
399
397
396
394
392
391
390
389
385
379
376
374
371
370
369
368
364
363
362
359
356
355
353
351
349
348
347
346
344
343
342
341
339
338
337
336
333
332
331
330
328
325
324
322
321
319
318
317
316
315
311
309
308
307
306
302
301
300
299
297
296
292
289
288
287
286
285
283
281
280
278
277
276
275
274
271
268
265
263
262
261
260
258
256
255
254
252
251
248
247
246
244
242
241
239
238
236
234
232
230
228
227
226
225
224
223
221
220
219
217
216
215
213
211
210
206
205
202
201
198
196
194
193
191
190
189
188
186
185
184
181
180
179
178
177
175
173
172
170
168
166
165
162
159
157
156
155
153
152
151
150
148
147
146
145
144
143
142
141
140
139
136
133
132
131
130
127
126
125
120
118
117
116
115
113
109
108
104
97
96
95
93
91
90
89
87
86
83
82
81
80
79
77
75
73
72
71
69
68
67
66
65
63
60
59
58
57
56
55
54
51
50
49
46
45
43
40
39
37
33
32
31
29
30
27
26
25
24
21
20
18
15
13
11
10
9
8
7
6
5
4
2
1
0
377
375
612
373
372
610
609
367
366
365
606
605
361
360
954
358
357
602
352
600
911
842
910
743
340
591
740
952
334
736
329
976
327
326
323
904
320
576
948
313
312
730
310
571
902
305
304
726
830
901
298
563
294
293
562
291
290
722
828
284
947
282
986
552
974
897
549
273
272
548
269
896
267
266
714
264
545
895
259
257
818
708
538
253
707
250
534
533
245
532
706
817
240
704
892
237
527
235
526
233
231
229
814
522
972
812
811
517
696
889
218
693
512
214
212
940
209
207
508
939
204
203
506
886
199
197
885
195
938
192
984
499
685
187
970
183
182
881
490
489
679
174
880
996
968
169
967
167
876
482
966
478
671
154
873
473
149
472
791
965
789
468
929
466
664
464
463
135
786
989
868
659
129
128
457
963
124
123
122
121
866
119
781
864
450
112
111
924
107
105
777
103
102
101
100
99
98
862
444
861
94
647
92
441
440
923
773
772
84
643
435
434
993
431
76
640
74
429
639
770
769
425
768
992
766
62
61
920
418
632
416
631
856
53
52
413
412
763
48
47
855
42
41
407
919
918
36
35
404
403
402
401
623
398
622
621
23
22
19
393
17
16
619
14
12
978
387
386
755
384
382
381
380
106
535
745
497
582
496
581
802
345
243
682
801
561
723
559
176
956
579
88
845
834
85
171
732
826
953
995
78
279
701
164
163
481
161
160
70
673
158
553
575
741
64
421
314
476
931
419
751
354
518
222
590
844
270
832
694
378
335
628
511
44
408
137
928
977
38
134
951
509
34
303
208
713
586
624
28
944
456
950
943
350
565
395
759
200
957
689
564
981
598
852
537
959
114
388
653
502
295
110
383
3
607
651
249
727
138
642
