46
31
32
27
739
738
737
735
734
733
731
729
728
725
724
721
720
719
655
654
652
650
649
648
646
645
644
641
615
614
613
611
608
604
603
601
599
597
493
494
495
498
500
501
503
504
505
507
510
513
492
491
488
460
461
462
465
467
469
470
455
458
459
487
486
485
484
474
475
477
479
480
483
471
454
453
452
451
449
448
447
446
445
420
428
430
432
436
433
414
415
417
427
426
424
423
443
422
442
439
438
437
411
410
409
406
405
400
399
397
396
394
368
369
370
371
374
376
379
385
389
390
391
392
364
363
362
359
356
355
353
351
349
348
321
322
324
318
319
347
346
344
343
342
341
339
338
337
336
333
332
331
330
328
325
317
316
315
311
309
308
307
306
302
301
300
299
288
289
292
297
296
287
286
285
283
281
280
278
277
276
256
258
260
261
262
263
265
252
254
255
275
274
271
268
251
244
242
241
239
238
236
234
232
230
228
246
248
247
227
226
225
224
223
221
220
219
217
216
215
213
188
186
185
184
181
180
179
178
210
211
189
190
170
201
198
196
194
193
191
172
173
175
177
206
205
202
168
166
165
162
159
157
156
155
153
983
982
980
979
975
987
994
991
990
988
997
998
999
152
151
150
148
147
146
145
144
143
142
125
126
127
130
131
132
133
136
139
140
141
96
97
104
108
109
113
115
116
117
118
120
95
93
91
90
89
87
86
83
82
81
59
60
63
65
66
69
68
67
71
72
875
874
872
871
870
869
867
865
863
860
859
858
857
854
853
851
8
9
75
73
877
878
879
882
883
884
887
888
890
891
24
49
37
33
39
40
43
45
21
20
18
15
13
11
10
894
898
899
900
903
905
906
907
908
909
912
941
937
946
945
942
913
914
915
916
917
921
922
925
926
927
930
932
933
934
935
936
949
955
782
985
973
971
969
964
962
961
960
958
780
779
778
776
775
774
771
767
765
764
762
761
760
758
757
783
784
785
787
788
790
798
799
800
803
804
805
806
807
808
809
810
813
815
50
833
835
836
837
838
824
823
822
821
820
819
816
797
792
793
796
795
794
25
26
893
850
849
848
847
846
843
841
840
839
825
827
829
831
30
519
756
588
56
57
58
80
79
77
29
596
520
625
626
627
629
630
633
6
635
634
51
54
55
516
638
680
521
620
618
617
616
636
637
555
543
544
546
547
550
551
524
523
557
660
556
554
525
528
529
530
531
536
539
540
677
667
574
577
541
542
573
572
570
580
569
568
567
566
560
558
746
595
752
594
593
681
665
750
578
583
584
585
587
589
592
749
753
754
742
744
747
748
656
514
657
658
661
662
695
699
712
718
663
666
668
669
670
672
515
7
5
692
691
690
688
687
686
684
683
678
676
675
674
717
716
715
711
609
367
366
365
606
605
4
697
698
700
340
602
901
830
726
304
1
373
372
610
710
709
705
703
702
591
740
952
334
2
612
0
377
375
361
360
954
358
357
743
910
842
911
600
352
298
948
576
902
305
736
329
976
327
284
947
282
986
310
571
320
904
323
326
828
722
290
291
259
257
818
897
974
552
730
312
313
563
294
293
562
895
548
269
896
267
266
714
264
545
272
273
250
707
253
538
708
549
534
229
231
233
526
235
527
237
892
704
532
706
212
214
512
693
218
889
696
517
811
812
972
522
679
489
490
209
940
817
240
245
533
814
174
880
996
197
885
195
938
204
939
508
207
881
182
183
970
685
187
499
984
192
203
506
886
199
968
169
967
167
876
482
966
478
671
154
873
473
149
472
791
965
463
464
664
466
929
468
789
135
786
989
868
659
129
128
94
640
111
112
450
864
781
119
866
121
122
123
861
963
457
124
444
862
84
643
435
434
993
431
76
924
107
105
777
103
102
101
100
99
98
772
773
923
440
412
763
48
418
992
62
766
632
416
631
856
53
52
413
441
92
647
74
429
639
770
769
425
768
61
920
47
855
42
919
407
41
918
36
35
404
403
402
401
623
398
622
621
23
22
19
393
17
16
619
14
12
978
387
386
755
384
382
381
380
106
535
745
497
582
496
581
802
345
243
682
801
561
723
559
176
956
579
88
845
834
85
171
732
826
953
995
78
279
701
164
163
70
160
161
481
673
158
553
575
741
64
421
314
476
931
419
751
354
518
222
590
844
977
928
137
509
378
335
628
511
44
408
951
134
38
270
832
694
34
303
208
713
586
624
28
944
456
950
943
350
598
981
564
689
957
200
759
395
565
852
537
959
114
388
110
295
502
653
383
3
607
651
249
727
138
642
