46
31
32
27
739
738
737
735
734
733
731
729
728
725
724
721
720
719
655
654
652
650
649
648
646
645
644
641
615
614
613
611
608
604
603
601
599
597
513
510
507
505
504
503
501
500
498
495
494
493
492
491
488
487
486
485
484
483
480
479
477
475
474
471
470
469
467
465
462
461
460
459
458
455
454
453
452
451
449
448
447
446
445
420
428
430
432
433
436
437
438
439
442
422
443
423
424
426
427
417
415
414
411
410
409
406
405
400
399
397
396
394
368
369
370
371
374
376
379
385
389
390
391
392
364
363
362
359
356
355
353
351
349
348
347
346
344
343
342
341
339
338
337
336
333
332
331
330
328
325
324
322
321
319
318
317
316
315
311
309
308
307
306
302
301
300
299
296
297
292
289
288
287
286
285
283
281
280
278
277
276
275
274
271
268
265
263
262
261
260
258
256
255
254
252
251
244
242
241
239
238
236
234
232
230
228
246
247
248
227
226
225
224
223
221
220
219
217
216
215
213
188
186
185
184
181
180
179
178
210
211
189
190
191
193
194
196
198
201
202
205
206
177
175
173
172
170
168
166
165
162
159
157
156
155
153
983
982
980
979
975
987
994
991
990
988
997
998
999
152
151
150
148
147
146
145
144
143
142
125
126
127
130
131
132
133
136
139
140
141
96
97
104
108
109
113
115
116
117
118
120
95
93
91
90
89
87
86
83
82
81
59
60
63
65
66
67
68
69
71
72
73
75
9
8
851
853
854
857
858
859
860
863
865
867
869
870
871
872
874
875
877
878
879
882
883
884
887
888
890
891
24
49
33
37
39
40
43
45
21
20
18
15
13
11
10
894
898
899
900
903
905
906
907
908
909
912
913
914
915
916
917
921
922
925
926
927
930
932
933
934
935
936
937
941
942
945
946
949
955
958
960
961
962
964
969
971
973
985
782
780
779
778
776
775
774
771
767
765
764
762
761
760
758
757
783
784
785
787
788
790
792
793
794
795
796
815
813
810
809
808
807
806
805
804
803
800
799
798
797
816
819
820
821
822
823
824
825
827
829
831
833
835
836
837
838
839
840
841
843
846
847
848
849
850
893
26
25
50
30
29
77
79
80
58
57
56
55
54
51
6
616
617
618
620
625
626
627
629
630
633
634
635
636
637
638
516
588
756
519
596
520
521
523
524
551
550
547
546
544
543
555
542
541
540
539
536
531
530
529
528
525
554
556
660
557
558
560
566
567
568
569
580
570
572
573
574
577
578
583
584
585
587
589
592
593
594
752
595
746
680
667
677
750
665
681
749
753
754
742
744
747
748
656
514
657
658
661
662
695
699
712
718
663
666
668
669
670
672
674
675
676
678
683
684
686
687
688
690
691
692
697
698
700
702
703
705
709
710
711
715
716
717
515
7
5
4
375
377
0
612
2
1
373
372
610
609
367
366
365
606
605
361
360
954
358
357
602
352
600
911
842
910
743
340
591
740
952
334
304
726
830
901
298
948
576
320
904
323
326
327
976
329
736
305
902
571
310
730
312
313
563
294
293
562
291
290
722
828
284
947
282
986
552
974
897
818
257
259
895
545
264
714
266
267
896
269
548
272
273
250
707
253
538
708
549
534
229
231
233
526
235
527
237
892
704
532
706
212
214
512
693
218
889
696
517
811
812
972
522
814
533
245
240
817
940
209
207
508
939
204
938
195
885
197
199
886
506
203
192
984
499
685
187
970
183
182
881
490
489
679
174
880
996
968
169
967
167
876
482
966
478
671
154
873
473
149
472
791
965
789
468
929
466
664
464
463
135
786
989
868
659
129
128
457
963
124
123
122
121
866
119
781
864
450
112
111
924
107
105
777
103
102
101
100
99
98
862
444
861
94
647
92
441
440
923
773
772
84
643
435
434
993
431
76
640
74
429
639
770
769
425
768
992
418
920
61
62
766
632
416
631
856
53
52
413
412
763
48
47
855
42
919
407
41
918
36
35
404
403
402
401
623
398
622
621
23
22
19
393
17
16
619
14
12
978
387
386
755
384
382
381
380
106
535
745
497
582
496
581
802
345
243
682
801
561
723
559
176
956
579
88
845
834
85
171
732
826
953
995
78
279
701
164
163
70
160
161
481
673
158
553
575
741
64
421
314
476
931
419
751
354
518
222
590
844
977
928
137
408
44
511
628
335
378
509
951
134
38
270
832
694
34
303
208
713
586
624
28
944
456
950
943
350
565
395
759
200
957
689
564
981
598
852
537
959
114
388
653
502
295
110
383
3
607
651
249
727
138
642
