999
997
996
995
993
992
991
990
986
985
984
982
981
980
978
977
976
973
972
971
970
969
968
967
966
965
964
963
961
960
958
956
954
953
952
951
949
948
947
945
944
943
942
941
940
939
938
937
936
935
934
933
930
929
928
926
925
924
921
919
918
916
915
912
911
910
909
908
907
906
905
904
903
900
899
897
894
893
892
891
889
888
887
885
883
882
879
878
877
876
875
874
873
871
870
867
866
865
860
859
858
857
856
852
851
849
848
847
844
843
842
841
840
839
838
837
836
834
833
831
830
829
828
825
824
822
821
820
819
818
816
815
813
812
810
808
807
806
805
804
803
802
797
794
793
792
790
789
787
785
784
783
782
781
776
775
773
772
771
770
769
768
767
763
761
760
758
757
756
755
754
753
752
748
747
744
740
739
738
737
736
735
732
728
727
726
725
724
723
722
721
720
718
717
716
714
712
711
710
708
707
706
705
704
702
701
700
699
698
695
694
693
691
690
689
688
687
686
685
684
683
681
679
677
675
674
670
668
666
665
664
663
661
660
658
657
656
652
649
648
647
646
645
644
643
641
636
633
630
629
628
624
623
622
620
619
618
617
616
615
611
610
608
607
606
605
603
599
598
597
595
594
593
592
589
588
587
586
581
580
579
576
575
574
573
571
570
568
567
565
564
563
562
559
558
556
555
554
553
552
551
550
548
547
546
545
542
541
540
539
534
533
532
531
528
527
526
525
524
523
522
521
520
519
518
517
516
515
514
513
512
510
509
508
507
506
505
503
502
501
500
499
497
496
495
494
492
490
489
488
487
486
485
483
482
481
480
479
477
476
474
473
470
469
468
467
466
465
463
462
460
459
458
457
453
452
451
450
449
447
446
443
442
441
440
439
436
435
434
432
431
429
428
425
423
422
421
420
418
417
416
415
413
412
411
408
406
405
404
402
401
400
399
398
397
396
395
394
391
390
389
387
385
384
383
382
381
379
378
376
375
374
371
370
369
368
367
366
365
364
363
360
357
356
353
351
350
349
347
345
344
340
339
338
337
336
335
334
333
329
328
325
317
316
314
312
311
310
309
308
306
304
303
302
300
298
297
295
293
290
289
288
287
286
283
281
280
279
278
277
275
274
271
270
269
267
266
264
263
262
261
260
259
258
256
255
254
253
251
250
249
248
247
246
245
244
241
239
240
238
236
234
233
232
230
229
225
227
226
222
220
218
217
216
215
214
213
212
210
209
208
207
206
203
200
198
196
195
192
191
190
186
189
182
181
180
179
177
176
170
175
171
169
167
166
165
162
161
160
159
156
151
157
154
153
149
147
145
144
143
140
139
137
136
133
128
130
127
125
124
123
121
122
120
117
116
115
114
113
111
110
109
108
106
105
104
102
100
98
97
95
94
85
84
83
82
81
79
77
70
76
69
67
65
63
62
60
59
58
56
57
55
52
54
51
50
49
48
46
45
44
42
40
37
41
38
34
33
30
29
26
25
23
20
19
18
16
15
14
13
12
11
10
7
5
6
3
2
4
0
786
538
671
491
478
475
634
750
626
456
745
178
931
946
131
584
809
96
66
330
989
307
529
305
846
780
779
301
299
778
680
296
777
294
678
291
845
676
920
673
285
284
672
282
327
669
511
955
667
983
273
917
886
975
268
504
662
265
884
766
659
765
498
764
974
655
654
653
762
651
650
914
759
484
243
242
881
832
880
913
237
642
235
324
639
228
224
221
950
219
635
323
827
632
464
631
211
461
322
749
321
205
204
320
201
455
199
454
197
625
193
987
746
187
319
185
183
962
743
318
823
173
172
614
438
168
612
164
163
433
609
872
155
427
426
152
536
424
148
734
733
142
141
419
601
138
600
817
135
731
132
315
414
129
730
409
869
407
119
118
814
591
403
590
112
927
585
107
583
582
103
101
99
313
864
719
388
92
91
90
88
87
86
578
386
577
863
862
80
861
78
715
75
73
72
71
572
901
68
923
713
569
959
61
372
801
709
800
53
798
362
47
361
898
359
43
557
796
39
355
354
36
35
703
352
32
31
795
957
28
27
855
348
854
346
791
549
17
343
342
697
696
853
9
544
543
788
692
332
331
1
922
184
380
74
134
444
640
377
742
64
231
596
126
729
994
566
410
627
560
257
774
437
638
613
472
358
932
202
902
471
535
537
223
430
393
392
998
493
24
22
826
93
194
252
150
341
89
326
292
896
621
146
448
602
188
890
835
811
158
979
561
868
530
741
445
895
174
276
272
8
637
751
21
799
373
604
850
682
988
