148
150
151
152
153
155
156
157
159
162
165
166
168
170
172
173
175
177
178
179
180
181
184
185
186
188
189
190
191
193
194
196
198
201
202
205
206
210
211
213
215
216
217
219
220
221
223
224
225
226
227
228
230
232
234
236
238
239
241
242
244
246
247
248
251
252
254
255
256
258
260
261
262
263
265
268
271
274
275
276
277
278
280
281
283
285
286
287
288
289
292
296
297
299
300
301
302
306
307
308
309
311
315
316
317
318
319
321
322
324
325
328
330
331
332
333
336
337
338
339
341
342
343
344
346
347
348
349
351
353
355
356
359
362
363
364
368
369
370
371
374
376
379
385
389
390
391
392
394
396
397
399
400
405
406
409
410
411
414
415
417
420
422
423
424
426
427
428
430
432
433
436
437
438
439
442
443
445
446
447
448
449
451
452
453
454
455
458
459
460
461
462
465
467
469
470
471
474
475
477
479
480
483
484
485
486
487
488
491
492
493
494
495
498
500
501
503
504
505
507
510
513
514
515
516
519
520
521
523
524
525
528
529
530
531
536
539
540
541
542
543
544
546
547
550
551
554
555
556
557
558
560
566
567
568
569
570
572
573
574
577
578
580
583
584
585
587
588
589
592
593
594
595
596
597
599
601
603
604
608
611
613
614
615
616
617
618
620
625
626
627
629
630
633
634
635
636
637
638
641
644
645
646
648
649
650
652
654
655
656
657
658
660
661
662
663
665
666
667
668
669
670
672
674
675
676
677
678
680
681
683
684
686
687
688
690
691
692
695
697
698
699
700
702
703
705
709
710
711
712
715
716
717
718
719
720
721
724
725
728
729
731
733
734
735
737
738
739
742
744
746
747
748
749
750
752
753
754
756
757
758
760
761
762
764
765
767
771
774
775
776
778
779
780
782
783
784
785
787
788
790
792
793
794
795
796
797
798
799
800
803
804
805
806
807
808
809
810
813
815
816
819
820
821
822
823
824
825
827
829
831
833
835
836
837
838
839
840
841
843
846
847
848
849
850
851
853
854
857
858
859
860
863
865
867
869
870
871
872
874
875
877
878
879
882
883
884
887
888
890
891
893
894
898
899
900
903
905
906
907
908
909
912
913
914
915
916
917
921
922
925
926
927
930
932
933
934
935
936
937
941
942
945
946
949
955
958
960
961
962
964
969
971
973
975
979
980
982
983
985
987
988
990
991
994
997
998
999
147
146
145
144
143
142
141
140
139
136
133
132
131
130
127
126
125
120
118
117
116
115
113
109
108
104
97
96
95
93
91
90
89
87
86
83
82
81
80
79
77
75
73
72
71
69
68
67
66
65
63
60
59
58
57
56
55
54
51
50
49
46
45
43
40
39
37
33
32
31
30
29
27
26
25
24
21
20
18
15
13
11
10
9
8
7
6
5
4
2
1
0
377
375
612
373
372
610
609
367
366
365
606
605
361
360
954
358
357
602
352
600
911
842
910
743
340
591
740
952
334
736
329
976
327
326
323
904
320
576
948
313
312
730
310
571
902
305
304
726
830
901
298
563
294
293
562
291
290
722
828
284
947
282
986
552
974
897
549
273
272
548
269
896
267
266
714
264
545
895
259
257
818
708
538
253
707
250
534
533
245
532
706
817
240
704
892
237
527
235
526
233
231
229
814
522
972
812
811
517
696
889
218
693
512
214
212
940
209
207
508
939
204
203
506
886
199
197
885
195
938
192
984
499
685
187
970
183
182
881
490
489
679
174
880
996
968
169
967
167
876
482
966
478
671
154
873
473
149
472
791
965
789
468
929
466
664
464
463
135
786
989
868
659
129
128
457
963
124
123
122
121
866
119
781
864
450
112
111
924
107
105
777
103
102
101
100
99
98
862
444
861
94
647
92
441
440
923
773
772
84
643
435
434
993
431
76
640
74
429
639
770
769
425
768
992
766
62
61
920
418
632
416
631
856
53
52
413
412
763
48
47
855
42
41
407
919
918
36
35
404
403
402
401
623
398
622
621
23
22
19
393
17
16
619
14
12
978
387
386
755
384
382
381
380
106
535
745
497
582
496
581
802
345
243
682
801
561
723
559
176
956
579
88
845
834
85
171
732
826
953
995
78
279
701
164
163
481
161
160
70
673
158
553
575
741
64
421
314
476
931
419
751
354
518
222
590
844
270
832
694
378
335
628
511
44
408
137
928
977
38
134
951
509
34
303
208
713
586
624
28
944
456
950
943
350
565
395
759
200
957
689
564
981
598
852
537
959
114
388
653
502
295
110
383
3
607
651
249
727
138
642
