999
997
996
995
993
992
991
990
986
985
984
982
981
980
978
977
976
973
972
971
970
969
968
967
966
965
964
963
961
960
958
956
954
953
952
951
949
948
947
945
944
943
942
941
940
939
938
937
936
935
934
933
930
929
928
926
925
924
921
919
918
916
915
912
911
910
909
908
907
906
905
904
903
900
899
897
894
893
892
891
889
888
887
885
883
882
879
878
877
876
875
874
873
871
870
867
866
865
860
859
858
857
856
852
851
849
848
847
844
843
842
841
840
839
838
837
836
834
833
831
830
829
828
825
824
822
821
820
819
818
816
815
813
812
810
808
807
806
805
804
803
802
797
794
793
792
790
789
787
785
784
783
782
781
776
775
773
772
771
770
769
768
767
763
761
760
758
757
756
755
754
753
752
748
747
744
740
739
738
737
736
735
732
728
727
726
725
724
723
722
721
720
718
717
716
714
712
711
710
708
707
706
705
704
702
701
700
699
698
695
694
693
691
690
689
688
687
686
685
684
683
681
679
677
675
674
670
668
666
665
664
663
661
660
658
657
656
20
23
25
26
29
30
33
34
37
38
40
41
42
44
45
46
48
49
50
51
52
54
55
56
57
58
59
60
62
63
65
67
69
70
76
77
79
81
82
83
84
85
94
95
97
98
100
102
104
105
106
108
109
110
111
113
114
115
116
117
120
121
122
123
124
125
127
128
130
133
136
137
139
140
143
144
145
147
149
151
153
154
156
157
159
160
161
162
165
166
167
169
170
171
175
176
177
179
180
181
182
186
189
190
191
192
195
196
198
200
203
206
207
208
209
210
212
213
214
215
216
217
218
220
222
225
226
227
229
230
232
233
234
236
238
239
240
241
244
245
246
247
248
249
250
251
253
254
255
256
258
259
260
261
262
263
264
266
267
269
270
271
274
275
277
278
279
280
281
283
286
287
288
289
290
293
295
297
298
300
302
303
304
306
308
309
310
311
312
314
316
317
325
328
329
333
334
335
336
337
338
339
340
344
345
347
349
350
351
353
356
357
360
363
364
365
366
367
368
369
370
371
374
375
376
378
379
381
382
383
384
385
387
389
390
391
394
395
396
397
398
399
400
401
402
404
405
406
408
411
412
413
415
416
417
418
420
421
422
423
425
428
429
431
432
434
435
436
439
440
441
442
443
446
447
449
450
451
452
453
457
458
459
460
462
463
465
466
467
468
469
470
473
474
476
477
479
480
481
482
483
485
486
487
488
489
490
492
494
495
496
497
499
500
501
502
503
505
506
507
508
509
510
512
513
514
515
516
517
518
519
520
521
522
523
524
525
526
527
528
531
532
533
534
539
540
541
542
545
546
547
548
550
551
552
553
554
555
556
558
559
562
563
564
565
567
568
570
571
573
574
575
576
579
580
581
586
587
588
589
592
593
594
595
597
598
599
603
605
606
607
608
610
611
615
616
617
618
619
620
622
623
624
628
629
630
633
636
641
643
644
645
646
647
648
649
652
19
18
16
15
14
13
12
11
10
7
6
5
4
3
2
0
786
538
671
491
478
475
634
750
626
456
745
178
931
946
131
584
809
96
66
330
989
307
529
305
846
780
779
301
299
778
680
296
777
294
678
291
845
676
920
673
285
284
672
282
327
669
511
955
667
983
273
917
886
975
268
504
662
265
884
766
659
765
498
764
974
655
654
653
762
651
650
914
759
484
243
242
881
832
880
913
237
642
235
324
639
228
224
221
950
219
635
323
827
632
464
631
211
461
322
749
321
205
204
320
201
455
199
454
197
625
193
987
746
187
319
185
183
962
743
318
823
173
172
614
438
168
612
164
163
433
609
872
155
427
426
152
536
424
148
734
733
142
141
419
601
138
600
817
135
731
132
315
414
129
730
409
869
407
119
118
814
591
403
590
112
927
585
107
583
582
103
101
99
313
864
719
388
92
91
90
88
87
86
578
386
577
863
862
80
861
78
715
75
73
72
71
572
901
68
923
713
569
959
61
372
801
709
800
53
798
362
47
361
898
359
43
557
796
39
355
354
36
35
703
352
32
31
795
957
28
27
855
348
854
346
791
549
17
343
342
697
696
853
9
544
543
788
692
332
331
1
922
184
380
74
134
444
640
377
742
64
231
596
126
729
994
566
410
627
560
257
774
437
638
613
472
358
932
202
902
471
535
537
223
430
393
392
998
493
24
22
826
93
194
252
150
341
89
326
292
896
621
146
448
602
188
890
835
811
158
979
561
868
530
741
445
895
174
276
272
8
637
751
21
799
373
604
850
682
988
