999
997
996
995
993
992
991
990
986
985
984
982
981
980
978
977
976
973
972
971
970
969
968
967
966
965
964
963
961
960
958
956
954
953
952
951
949
948
947
945
944
943
942
941
940
939
938
937
936
935
934
933
930
929
928
926
925
924
921
919
918
916
915
912
911
910
909
908
907
906
905
904
903
900
899
897
894
893
892
891
889
888
887
885
883
882
879
878
877
876
875
874
873
871
870
867
866
865
860
859
858
857
856
852
851
849
848
847
844
843
842
841
840
839
838
837
836
834
833
831
830
829
828
825
824
822
821
820
819
818
816
815
813
812
810
808
807
806
805
804
803
802
797
794
793
792
790
789
787
785
784
783
782
781
776
775
773
772
771
770
769
768
767
763
761
760
758
757
756
755
754
753
752
748
747
744
740
739
738
737
736
735
732
728
727
726
725
724
723
722
721
720
718
717
716
714
712
711
710
708
707
706
705
704
702
701
700
699
698
695
694
693
691
690
689
688
687
686
685
684
683
681
679
677
675
674
670
668
666
665
664
663
661
660
658
657
656
652
649
648
647
646
645
644
643
641
636
633
630
629
628
624
623
622
620
619
618
617
616
615
611
610
608
607
606
605
603
599
598
597
595
594
593
592
589
588
587
586
581
580
579
576
575
574
573
571
570
568
567
565
564
563
562
559
558
556
555
554
553
552
551
550
548
547
546
545
542
541
540
539
534
533
532
531
528
527
526
525
524
523
522
521
520
519
518
517
516
515
514
513
512
510
509
508
507
506
505
503
502
501
500
499
497
496
495
494
492
490
489
488
487
486
485
483
482
481
480
479
477
476
474
473
470
469
468
467
466
465
463
462
460
459
458
457
453
452
451
450
449
447
446
443
442
441
440
439
436
435
434
432
431
429
428
425
423
422
421
420
418
417
416
415
413
412
411
408
406
405
404
402
401
400
399
398
397
396
395
394
391
390
389
387
385
384
383
382
381
379
378
376
375
374
371
370
369
368
367
366
365
364
363
360
357
356
353
351
350
349
347
345
344
340
339
338
337
336
335
334
333
329
328
325
317
316
314
312
311
310
309
308
306
304
303
302
300
298
297
295
293
290
289
230
121
288
287
206
286
283
281
278
280
279
277
275
274
179
233
263
271
270
269
156
267
266
220
264
262
261
260
259
258
256
239
83
182
240
79
225
255
254
253
251
250
249
248
247
246
245
244
241
238
236
234
232
229
227
226
222
137
203
161
181
165
170
190
186
195
208
209
218
217
216
215
214
213
212
210
207
200
198
196
192
191
189
180
177
176
175
94
115
116
151
139
160
171
169
167
166
128
120
133
159
162
157
154
153
149
147
145
144
143
140
136
42
130
127
125
124
62
20
67
84
105
110
111
81
106
102
85
114
104
70
113
122
117
63
123
109
108
100
98
97
95
3
11
5
49
51
82
77
76
69
65
60
59
56
37
52
58
48
26
33
7
2
16
50
25
40
18
45
55
44
54
10
14
13
30
15
4
634
786
12
57
46
41
38
34
29
23
475
0
6
584
745
131
178
538
750
456
96
19
671
491
946
141
659
330
809
827
529
66
846
305
478
669
273
780
989
975
920
626
931
307
299
777
355
959
129
795
173
424
90
103
88
185
75
284
346
168
242
733
221
28
388
713
461
709
372
853
762
68
427
591
957
138
798
987
362
823
282
796
974
265
464
135
601
583
898
407
197
433
814
438
788
764
983
642
800
696
354
614
211
662
321
862
1
455
872
582
237
901
205
36
886
43
155
118
673
590
199
315
31
419
655
92
864
697
863
327
187
91
962
107
880
71
855
164
635
651
27
112
536
845
152
577
734
631
749
861
854
927
543
61
549
9
313
201
746
403
235
224
163
193
132
676
80
204
917
322
639
219
342
86
359
678
719
557
672
318
332
913
609
78
454
817
361
99
32
331
766
625
319
148
243
578
950
348
703
544
791
585
612
72
498
667
801
765
172
35
320
53
730
73
296
409
680
743
142
832
955
291
511
426
294
569
324
228
183
504
119
101
572
301
352
778
653
17
731
285
386
343
881
715
39
759
268
884
632
922
323
47
613
484
692
869
923
650
414
448
896
600
472
252
22
410
627
535
493
444
654
914
24
231
932
902
890
87
392
779
202
430
998
377
602
566
257
826
358
471
93
134
774
596
194
437
184
89
126
393
380
537
729
742
64
74
638
223
560
146
994
188
292
341
979
835
621
150
811
8
326
640
561
637
799
530
272
158
868
741
895
445
276
751
21
174
373
604
682
850
988
