999
998
997
988
990
991
994
987
975
979
980
982
983
985
973
971
969
964
962
961
960
958
955
949
946
945
942
941
937
936
935
934
933
932
930
927
926
925
922
921
917
916
915
914
913
912
909
908
907
906
905
903
900
899
898
894
893
891
890
888
887
884
883
882
879
878
877
875
874
872
871
870
869
867
865
863
860
859
858
857
854
853
851
850
849
848
847
846
843
841
840
839
838
837
836
835
833
831
829
827
825
824
823
822
821
820
819
816
797
798
799
800
803
804
805
806
807
808
809
810
813
815
796
795
794
793
792
790
788
787
785
784
783
757
758
760
761
762
764
765
767
771
774
775
776
778
779
780
782
756
754
753
752
750
749
748
747
746
744
742
739
738
737
735
734
733
731
729
728
725
724
721
720
719
718
717
716
715
712
711
710
709
705
703
702
700
699
698
697
695
692
691
690
688
687
686
684
683
681
680
678
677
676
675
674
672
670
669
668
667
666
665
663
662
661
660
658
657
656
655
654
652
650
649
648
646
645
644
641
638
637
636
635
634
633
630
629
627
626
625
620
618
617
616
615
614
613
611
608
604
603
601
599
597
596
595
594
593
592
589
588
587
585
584
583
580
578
577
574
573
572
570
569
568
567
566
560
558
557
556
555
554
525
528
529
530
531
536
539
540
541
542
543
544
546
547
550
551
524
523
521
520
519
516
515
514
513
510
507
505
504
503
501
500
498
495
494
493
492
491
488
487
486
485
484
483
480
479
477
475
474
471
470
469
467
465
462
461
460
459
458
455
454
453
452
451
449
448
447
446
445
420
428
430
432
433
436
437
438
439
442
422
443
423
424
426
427
417
415
414
411
410
409
406
405
400
399
397
396
394
368
369
370
371
374
376
379
385
389
390
391
392
364
363
362
359
356
355
353
351
349
348
347
346
344
343
342
341
339
338
337
336
333
332
331
330
328
325
324
322
321
319
318
317
316
315
311
309
308
307
306
302
301
300
299
296
297
292
289
288
287
286
285
283
281
280
278
277
276
275
274
271
268
265
263
262
261
260
258
256
255
254
252
251
244
242
241
239
238
236
234
232
230
228
246
247
248
227
226
225
224
223
221
220
219
217
216
215
213
188
186
185
184
181
180
179
178
210
211
189
190
191
193
194
196
198
201
202
205
206
177
175
173
172
170
168
166
165
162
159
157
156
153
155
152
151
150
148
147
146
145
143
144
142
125
126
127
130
131
132
133
139
136
140
141
96
97
104
113
108
109
115
117
116
118
120
93
95
91
89
87
86
90
83
82
81
59
60
63
66
67
65
68
69
71
73
75
72
77
79
80
58
57
56
55
54
51
50
32
31
29
27
30
26
25
24
46
49
33
37
39
43
40
45
21
20
18
15
13
11
8
6
10
9
7
5
4
377
375
0
612
2
1
609
373
372
610
367
366
365
606
605
361
360
954
358
357
602
352
600
911
842
910
340
743
591
740
952
334
304
830
901
726
298
948
576
320
904
323
326
327
976
329
736
305
902
310
571
730
312
313
563
562
294
293
291
290
722
828
284
282
947
986
552
974
897
818
259
257
895
545
264
714
266
267
896
269
548
272
273
250
707
253
538
708
549
534
229
231
233
526
235
527
237
892
704
532
706
212
214
693
512
889
218
696
517
811
812
972
522
814
533
245
240
817
940
209
207
508
939
204
938
195
885
197
199
886
506
203
192
984
499
685
187
970
183
182
881
490
489
679
174
880
996
968
169
967
167
876
482
966
478
671
154
873
473
472
149
791
965
789
468
929
466
664
464
463
135
786
989
868
659
129
128
457
963
124
123
122
121
866
119
781
864
450
112
111
924
107
105
777
103
102
101
100
99
98
862
444
861
94
647
92
441
440
923
772
773
84
643
435
434
640
993
431
76
74
429
639
770
769
425
992
768
418
920
61
62
766
632
416
631
856
53
52
412
413
763
48
47
42
855
919
407
41
36
35
403
918
404
402
401
623
398
622
621
23
22
19
393
17
16
619
14
12
978
387
386
755
384
382
381
380
106
535
745
497
582
496
581
802
345
243
682
801
561
723
559
176
956
579
88
845
834
85
171
732
826
953
995
78
279
701
164
163
70
160
161
481
673
158
553
575
741
64
421
314
476
931
419
751
354
518
222
590
844
977
928
137
408
44
511
628
335
378
509
951
134
38
270
832
694
34
303
208
713
586
624
28
944
456
950
943
350
565
395
759
200
957
689
564
981
598
852
537
959
114
388
653
502
295
110
383
3
607
651
249
727
138
642
